1;1;Одноместный;500
2;1;Одноместный;500
3;1;Одноместный;500
4;1;Одноместный;500
5;1;Двухместный;1400
6;1;Двухместный;1400
7;1;Двухместный;1400
8;1;Двухместный;1400
9;1;Трехместный;2700
10;1;Трехместный;2700
11;2;Одноместный;500
12;2;Одноместный;500
13;2;Одноместный;500
14;2;Одноместный;500
15;2;Двухместный;1400
16;2;Двухместный;1400
17;2;Двухместный;1400
18;2;Двухместный;1400
19;2;Трехместный;2700
20;2;Трехместный;2700
21;3;Одноместный;500
22;3;Одноместный;500
23;3;Одноместный;500
24;3;Одноместный;500
25;3;Двухместный;1400
26;3;Двухместный;1400
27;3;Двухместный;1400
28;3;Двухместный;1400
29;3;Трехместный;2700
30;3;Трехместный;2700
